latitude,longitude
23.56451,87.2823233333
23.5629794762,87.2797557939
23.5627592739,87.2792902749
23.5599646939,87.2766435074
23.5582182485,87.2752981844
23.5575365415,87.2748363275
23.5554854757,87.2735913468
23.5499726129,87.2701351633
23.5505989912,87.2686366159
23.5534265058,87.2641107654
23.5613461144,87.2533554853
23.5638339616,87.2498826079
23.5694995598,87.2422617497
23.5734398686,87.2369699101
23.5758987694,87.2333388046
23.5803901374,87.2274964561
23.582306916,87.2249011186
23.586484571,87.2150789717
23.5899426124,87.2055189182
23.5905404266,87.2060461896
23.5930868757,87.2082876709
23.6109329268,87.217555195
23.6143833569,87.2176174643
23.6153222858,87.2176191936
23.617897289,87.217539158
23.6276064719,87.2219748885
23.6407509281,87.2265615539
23.6483720015,87.2277782722
23.6514484903,87.231611359
23.6522764921,87.2325594651
23.6527257855,87.23317195
23.6530690948,87.2354929678
23.6533380652,87.2380715568
23.6535146158,87.2400437018
23.6530413441,87.2421767581
23.6523530924,87.2431245943
